32012
41001
41002
41004
41006
41008
41009
41010
41012
41013
41018
41021
41022
41023
41025
41035
41036
41040
41041
41043
41044
41046
41047
41048
41049
41060
41108
41110
41112
41113
41114
41115
41116
41117
41118
41119
41120
41121
41159
42001
42002
42003
42007
42012
42019
42020
42035
42036
42038
42039
42040
42041
42042
42053
42054
42055
42056
42057
42058
42059
42060
42065
42078
42079
42080
42084
42091
42092
42093
42094
42095
42097
42098
42099
43010
44004
44005
44007
44008
44009
44011
44013
44014
44017
44018
44020
44025
44027
44028
44056
44065
44066
44070
44086
44087
44088
44089
44090
44091
44095
44096
44097
44098
44099
44100
44t14
45001
45002
45003
45004
45005
45006
45007
45008
45011
45012
45180
45194
45195
45t01
46001
46002
46003
46005
46006
46011
46012
46013
46014
46015
46022
46023
46025
46026
46027
46028
46029
46030
46035
46041
46042
46045
46047
46050
46051
46053
46054
46059
46060
46061
46062
46063
46066
46069
46070
46071
46072
46073
46075
46076
46077
46078
46079
46080
46081
46082
46083
46084
46085
46086
46087
46088
46089
46105
46106
46107
46108
46114
46211
46213
46214
46215
46217
46218
46219
46221
46222
46224
46225
46229
46232
46235
46237
46239
46240
46242
46243
46244
46246
46248
46251
46253
46254
46256
46258
46259
46260
46261
46262
46263
46264
46265
46266
46267
46268
46269
46t29
46t85
48011
51000
51001
51002
51003
51004
51026
51028
51100
51101
51201
51202
51205
51206
51207
51208
51209
51210
51211
51212
51213
52200
52201
52202
52211
alsn6
bthd1
buzm3
chlv2
dsln7
ducn7
fpsn7
frfn7
ljpc1
ocsm2
svls1
