32012
34002
41001
41002
41004
41008
41009
41010
41013
41024
41025
41029
41033
41037
41038
41040
41041
41043
41044
41046
41047
41048
41049
41051
41052
41056
41058
41060
41062
41063
41064
41108
41110
41112
41113
41116
41117
41118
41119
41159
42001
42002
42003
42012
42019
42020
42022
42023
42026
42035
42036
42039
42040
42043
42045
42046
42047
42055
42056
42057
42058
42059
42060
42078
42079
42085
42087
42088
42089
42090
42095
42097
42099
42360
42361
42362
42363
42364
42369
42375
42390
42392
42394
42395
43010
44005
44007
44008
44009
44011
44013
44014
44017
44018
44020
44022
44024
44025
44027
44029
44030
44032
44033
44034
44037
44040
44056
44065
44066
44069
44073
44086
44088
44089
44090
44091
44093
44095
44096
44097
44098
44099
44100
44137
44139
44150
44258
46001
46002
46004
46005
46006
46011
46021
46023
46024
46025
46028
46035
46042
46047
46054
46059
46060
46066
46069
46070
46071
46072
46073
46075
46076
46078
46080
46082
46083
46084
46085
46086
46089
46092
46114
46147
46183
46184
46185
46204
46205
46206
46207
46208
46214
46218
46219
46221
46222
46225
46231
46232
46235
46239
46246
46251
46253
46254
46255
46256
46257
46258
46259
46262
46264
46265
51000
51001
51002
51003
51004
51101
51201
51202
51203
51204
51205
51206
51207
51208
51209
51210
51211
51212
51213
52200
52201
52202
52211
52212
62001
62029
62050
62103
62105
62107
62114
62127
62144
62145
62146
62148
62149
62163
62165
62305
63110
63112
63113
63115
63117
64045
64046